Token	LmAoA	LmCutoff	MaxSurprisal	MinSurprisal	ParamUpper	ParamLower	ParamXmid	ParamScale
a	2.47712125471966	4.13410782814026	5.26043796539307	3.00777769088745	7.52997895608905	3.63869488143478	1.54345504678058	0.591757517397656
about	2.47712125471966	8.26529669761656	11.043080329895	5.48751306533813	11.5564198944929	6.54000367508649	2.38903717823677	0.730196058992175
after	2.47712125471966	11.9743337631226	14.6175003051758	9.33116722106934	11124.4720497036	11.1253589950003	-10.4696752793627	1.44324464789221
all	2.47712125471966	6.55975580215454	7.47455549240112	5.64495611190796	7.17149254637117	6.5638796908387	2.79425214561111	0.117656648637328
am	2.10353351631288	6.30881345272064	9.30094814300537	3.31667876243591	31434.5106504897	5.6499304836821	-4.3345608404173	0.597632174576123
and	2.41315452283647	4.70704472064972	6.40905284881592	3.00503659248352	9115.91557238946	3.72627442964367	-6.87181470447636	1.01623036155115
another	2.47712125471966	7.92665243148805	10.0334634780884	5.8198413848877	5852.0846096815	7.78192386975853	-3.89195150669309	0.674070766229033
any	2.47712125471966	9.46237325668335	11.8486614227295	7.07608509063721	12.0088614566576	9.26092932684527	2.37720166439123	0.267035422943039
apple	2.47712125471966	9.63568592071534	14.4196004867554	4.85177135467529	17.5678744152594	6.53769803154853	2.12614585100177	0.560366151681672
are	2.47712125471966	5.24814093112946	7.04346132278442	3.45282053947449	2846.73083228357	4.23038777200651	-4.55159661425836	0.889703765366532
arm	2.47712125471966	9.92824316024782	13.1000776290894	6.75640869140625	13.2210538733966	9.64262121306943	2.55469129191506	0.219099377312025
around	2.05166601244949	10.2785029411316	15.5344800949097	5.02252578735352	245824.23347342	6.58202501687597	-4.00580759220052	0.545475100463006
asleep	2.47712125471966	11.9522559642792	16.8279361724854	7.076575756073	15.8793753538969	10.7875711538611	2.50557483529648	0.141010824374245
at	2.47712125471966	5.13806545734406	6.66809797286987	3.60803294181824	13.8552157248703	4.51356885201632	0.907982276718492	0.615298488826334
aunt	2.47712125471966	10.06951212883	15.2807416915894	4.85828256607056	14.6983670052517	8.00311210386781	2.5444870933735	0.069158926551748
away	2.47712125471966	7.90638518333437	10.9678058624268	4.84496450424194	11.0912356754235	6.63805826999398	2.65733572622151	0.442505261000233
baby	2.47712125471966	6.32159435749054	9.03903865814209	3.60415005683899	10.5869241175801	5.09206963117967	2.11383409656141	0.40028263888592
back	2.47712125471966	7.20040106773376	9.5864143371582	4.81438779830933	16.9307575047154	6.03350729199715	1.28544337420527	0.594528389527737
bad	2.47712125471966	10.6253714561462	13.7298250198364	7.52091789245605	12.2940733145619	9.54371122798084	2.94086822905442	0.137506868567747
ball	2.47712125471966	5.97085082530976	8.48517894744873	3.45652270317078	9.33459532285479	5.08678086927824	2.15894092592127	0.294171015105355
balloon	2.47712125471966	8.61322736740114	10.8914422988892	6.33501243591309	10.5348448027091	8.67686656397599	2.2857264846516	0.0240732812439974
banana	2.47712125471966	7.81007957458497	10.3324604034424	5.28769874572754	14869.6971847905	7.04485096894196	-4.87985072721856	0.77056260587426
basket	2.47712125471966	9.49130940437316	13.0986394882202	5.88397932052612	13.5314057784868	8.56137789352432	2.42038584437532	0.319253268569457
bath	2.47712125471966	11.2542929649353	15.0018072128296	7.50677871704102	14.226933008969	10.8772202562624	2.66985056459032	0.121222773410084
bathroom	2.47712125471966	9.5897285938263	12.8908853530884	6.28857183456421	14.7271743449138	6.4716008111214	3.31023409416763	1.79213486396052
be	2.47712125471966	5.74634504318237	8.26662635803223	3.22606372833252	9.73382529794176	4.56423313249352	2.15147643444101	0.365821123019972
beach	2.47712125471966	7.98881435394289	11.7691926956177	4.20843601226807	23.0418552750547	5.87602473149529	1.17733912963105	0.77909566454099
bear	2.47712125471966	7.91026067733766	10.1632766723633	5.65724468231201	9.92753858737537	7.17462797265338	2.79621770373966	0.273606609422641
because	2.47712125471966	9.01322531700136	11.0542087554932	6.97224187850952	10.493736360063	7.75888815679162	4.23859990080549	1.15612700204206
bed	2.47712125471966	8.69533300399782	11.6356239318848	5.75504207611084	12.3312311778699	8.35070561572485	2.25306330578057	0.353609611139752
bee	2.47712125471966	10.3108167648315	14.3578128814697	6.26382064819336	19028.9191103965	10.1820458577737	-5.15420409235648	0.804921915454496
before	2.47712125471966	11.2866959571838	13.6634225845337	8.90996932983398	13.1842947853635	10.8105460696093	2.52651673103628	0.193682026541059
behind	2.19323665733016	13.3076527118683	18.7445831298828	7.87072229385376	40223.1151467281	9.71744959834069	-3.55600352249023	0.616629281008078
belly	2.47712125471966	8.75801944732665	12.493745803833	5.02229309082031	12.7199601546873	7.98894112587812	2.31409366431067	0.255102564573904
bench	2.47712125471966	9.5675015449524	14.2155408859253	4.91946220397949	13.9016752318646	10.0611745085989	2.71115025850283	0.224060823821118
bib	2.47712125471966	10.56858086586	14.3901453018188	6.74701642990112	15.8800609369973	10.1567791798064	2.22733986971658	0.390907196416307
bicycle	2.47712125471966	11.3986093997955	15.3342399597168	7.46297883987427	16.9245997171566	10.665367090684	2.09381968603909	0.372674287148914
big	2.37235493630548	7.42269682884216	9.95362949371338	4.89176416397095	13.8595730413264	6.51639769428234	1.62520890456374	0.381113495178569
bird	2.47712125471966	9.77632021903992	12.5526762008667	6.99996423721313	13.2993432563583	9.2786329627351	2.20712412969492	0.517318451254836
bite	2.47712125471966	9.84809851646423	13.2744026184082	6.42179441452026	12.2980431792519	9.58629157928437	2.92082605257452	0.117111764225227
black	1.96737091153544	12.2398738861084	14.9446039199829	9.53514385223389	16.4674759503176	10.7818951103227	1.82454082512111	0.134165180128509
blanket	2.47712125471966	8.86554312705992	12.3755016326904	5.35558462142944	47360.5864552585	7.3190745064592	-19.7911278693967	2.24035306129931
block	2.47712125471966	10.450535774231	13.0299806594849	7.87109088897705	12.655237432921	10.8260776896526	2.70504557733083	0.279837172749546
blow	2.25998696179824	10.2686059474945	14.2237548828125	6.31345701217651	17.9303433737434	8.69566895361381	1.79870921200308	0.291340514980622
blue	2.47712125471966	9.33485722541809	11.0952615737915	7.57445287704468	10.8812340470398	9.34040911775835	2.5314183446977	0.186479920732205
boat	2.26461032179826	10.6347513198853	14.6826620101929	6.58684062957764	94827.4842625883	8.97148966784049	-4.33620908023761	0.602763810347278
book	2.47712125471966	6.37448513507843	9.72273921966553	3.02623105049133	10.4450573850038	4.6759101121484	2.4961726394384	0.357577220871182
bottle	2.03998105944289	8.3373713493347	10.7947664260864	5.87997627258301	49659.6194852754	7.37569492051521	-3.04946423516171	0.468993041596111
bowl	2.47712125471966	8.79378485679625	11.8596677780151	5.72790193557739	35512.1205170715	8.30685605502577	-3.78762556971766	0.572046353536242
box	2.47712125471966	8.80076456069949	13.1717500686646	4.42977905273438	13.785842629823	7.3472663497064	2.44186089609375	0.374826824603124
boy	2.39560429313424	9.62213158607481	13.1070919036865	6.13717126846313	13.4343000334484	7.96494983014374	2.19309613130159	0.243083764197643
bread	2.47712125471966	8.79930543899535	11.1974592208862	6.40115165710449	16240.4279573451	7.59319260314555	-7.06562369944727	1.0081936640797
break	2.47712125471966	9.80938577651976	12.4083786010742	7.21039295196533	75.572106156959	10.6873896662059	1.24385920041829	0.0873261460457348
breakfast	2.47712125471966	8.89729571342468	12.2237501144409	5.57084131240845	11.5629404536919	9.285461635797	2.35328832063914	0.0388307186674253
bring	2.130204462842	11.2205650806427	16.0332984924316	6.40783166885376	23.138392562769	8.53790499485837	1.70718210254781	0.283674113872476
broken	2.47712125471966	12.1336798667908	14.8868961334229	9.38046360015869	15.569224211336	11.8436495354591	2.05283823565629	0.35674491811366
brown	2.24510773504048	11.4301733970642	14.6832714080811	8.17707538604736	17.1522012785853	10.4350337226032	1.81590334282965	0.245372461961053
brush	2.47712125471966	9.76202154159547	13.6278524398804	5.89619064331055	14.372062980243	8.9798964367455	2.23168756757723	0.314073247071622
bubbles	2.47712125471966	10.3400983810425	13.3325910568237	7.34760570526123	17.5521383056409	8.98261097017176	1.65229105215827	0.529052460241823
bucket	2.47712125471966	8.41848015785217	10.781099319458	6.05586099624634	8276.89716187704	7.71529946900208	-9.82481568303514	1.3643558219501
bunny	2.47712125471966	9.0776834487915	11.1047430038452	7.05062389373779	12.4440670753435	8.69547096455318	2.05326676275219	0.490249494396572
bus	2.47712125471966	10.4844233989716	13.6550750732422	7.31377172470093	18.4649235951582	10.7719879723821	1.47807372793963	0.313766465791438
but	2.47712125471966	7.75870394706726	9.21021556854248	6.30719232559204	9.28129161638819	7.40950604084616	2.53183682225088	0.762821093619131
butterfly	2.34721095008448	11.3095817565918	14.4333982467651	8.18576526641846	8140.13938791338	10.5322001953031	-1.68801057155901	0.436004663715432
button	2.47712125471966	9.64446377754214	11.8717479705811	7.41717958450317	10.6545698018515	9.62909189684006	3.36940382186894	0.261268900111443
buy	2.47712125471966	10.3585796356201	13.6195306777954	7.09762859344482	3057.24441324178	10.819958993541	-12.1306319535273	1.71075505442117
by	2.47712125471966	9.50082921981809	11.9099264144897	7.09173202514648	14.7550016329437	8.54742077384293	1.51255543382123	0.888241905782357
bye	2.47712125471966	6.56084918975831	10.479362487793	2.64233589172363	9.74129374707179	5.02026731108011	2.68440692783388	0.150741199899951
cake	2.47712125471966	11.7145051956177	14.8425121307373	8.58649826049805	5498.93397549848	10.3473036946162	-18.9880780144797	2.66827438971897
camera	2.47712125471966	7.61921906471254	10.5000333786011	4.73840475082397	23.5963729833755	7.27052228996654	0.920914446187376	0.578606130155994
can	2.47712125471966	4.32106304168701	5.40085935592651	3.24126672744751	4.44729769529944	4.24930545990259	3.56278412334161	0.0614309412559105
car	2.47712125471966	7.75126981735229	10.5936222076416	4.90891742706299	17238.045195747	6.71407938619095	-5.26440818702675	0.808432950059882
careful	2.47712125471966	9.31794548034666	12.7920875549316	5.84380340576172	11.9828491493848	8.51509560018155	2.72757735946833	0.087372975941271
carrots	2.47712125471966	12.0142741203308	15.2246608734131	8.80388736724854	99630.6568853268	11.7450886211855	-4.27870441982118	0.544200223446332
carry	2.47712125471966	9.42651510238649	12.3512468338013	6.50178337097168	12.1363866371406	8.81264987508102	2.37567334433416	0.154009921955631
cat	2.31440548613981	12.5934233665466	16.4201850891113	8.76666164398193	18.3132323886381	10.7350031363053	1.99412601421272	0.284893269551677
chair	2.47712125471966	9.5149784088135	13.2124519348145	5.8175048828125	13.7530466370571	8.36955833818081	2.21042624642292	0.304670409221301
cheese	2.47712125471966	11.1330976486206	13.7322845458984	8.53391075134277	12.7970341874366	11.4834464353701	2.40436416048107	0.0394241534026953
chicken	2.47712125471966	9.33964657783508	11.5104341506958	7.16885900497437	11.3936227203529	8.89568126477026	2.4080759160033	0.169446773197008
chocolate	2.47712125471966	11.0160217285156	14.4126291275024	7.61941432952881	15.7128518254623	9.53756202357942	2.61441847567273	0.742530067488671
clap	2.47712125471966	8.24742329120637	13.7353963851929	2.75945019721985	12.7325372369194	6.26308797044784	2.75570396846776	0.270807881568032
clean	2.47712125471966	10.3719856739044	12.9486646652222	7.79530668258667	14.6402922727267	9.6312314321626	1.82159636861689	0.413493951947837
climb	2.30236381649285	10.5135362148285	14.3886079788208	6.63846445083618	15.6314336540479	9.05288905725471	1.99078608206914	0.248494022502879
clock	2.47712125471966	11.2302508354187	14.1497564315796	8.31074523925781	16144.6218839822	10.8867360216244	-10.40954914058	1.31616141056079
close	2.47712125471966	9.85203170776366	12.0745573043823	7.62950611114502	26.215425748513	9.34586535899214	0.682736733008866	0.571166583530121
coat	2.47712125471966	11.1274766921997	17.1865119934082	5.06844139099121	15.2796368514735	9.5189325457516	2.86182298431838	0.0223725672872424
coffee	2.47712125471966	12.0033011436463	15.8800659179688	8.12653636932373	15.5239443680642	10.9545107061801	2.35145415555048	0.188695706527384
cold	2.27947675288558	10.8581414222717	13.79176902771	7.9245138168335	13841.8635693525	9.426632709968	-3.61551431269644	0.642440075495818
cook	2.47712125471966	11.4312744140625	14.2598924636841	8.60265636444092	15.4786225987751	11.035521466477	2.10529461014133	0.342822621398457
could	2.23840685021779	9.55667114257811	13.5891485214233	5.52419376373291	13.6904179752648	7.83679861340315	2.14018218938194	0.112009177583147
cow	2.47712125471966	8.28726077079772	10.8636140823364	5.71090745925903	11356.8544503836	8.06456172674034	-7.41725120373762	1.0328456487523
crib	2.47712125471966	7.44546461105345	10.5015535354614	4.38937568664551	10.8094775485156	6.68276266245183	2.28391575950637	0.342659229357506
cup	2.47712125471966	7.91899967193602	11.403956413269	4.43404293060303	28521.6538859978	6.80798615278206	-7.11395582783965	0.986717884624113
cut	2.47712125471966	10.4733362197876	13.1278896331787	7.81878280639648	12.1816787628743	10.0618183859055	2.61074841939373	0.127613014662186
dance	2.47712125471966	11.7961807250976	15.71178150177	7.88057994842529	15.3490043076518	10.4245074038841	2.45492296816196	0.144402516161931
dark	2.35928879521256	10.5648152828216	15.0205335617065	6.10909700393677	39027.6968212158	9.12579069742902	-4.52573990350092	0.674487650641345
day	2.08768646171856	10.4105460643768	14.8141670227051	6.00692510604858	39671.4690970442	8.04263089471019	-9.30235709698627	1.17107841362694
did	2.47712125471966	8.56830811500548	10.1874780654907	6.94913816452026	8.44233189790016	9.06219812337326	3.0017947536611	-0.429137879379521
dinner	2.47712125471966	12.8629426956177	17.8627185821533	7.86316680908203	19.0429920016037	10.9122459299237	2.26935188143527	0.266654795568412
dirty	2.47712125471966	11.7114288806915	16.2375526428223	7.18530511856079	13.2725623961991	10.4661987512378	2.86169479379632	0.0946800747714117
do	2.47712125471966	5.10532236099244	6.38761138916016	3.82303333282471	6.13169308198237	4.92040076799244	2.96048465049194	0.492849039778568
doctor	2.28057576224498	11.0578920841217	15.4291439056396	6.68664026260376	71426.9715289718	9.76239544589789	-3.10312307729576	0.493130944758178
does	2.47712125471966	8.93484449386598	11.2392730712891	6.63041591644287	16.1099923084384	8.52978860742714	1.20968418369173	0.810241610508399
dog	1.78459791061256	10.7685964107514	13.8334703445435	7.70372247695923	7903.66339127667	9.85916979425263	-8.31452578776119	1.11362919963412
don't	2.47712125471966	6.47749447822571	7.81525802612305	5.13973093032837	7.28291127975527	6.26973030469483	2.8837789194457	0.191992093973761
donkey	2.47712125471966	12.0341143608093	14.8221397399902	9.24608898162842	13.9386131831175	12.274366515897	2.51441086453437	0.0333696148433063
door	2.47712125471966	8.96895575523375	11.7542400360107	6.18367147445679	39698.8058860157	8.14779182217378	-8.77922645952568	1.08323638578414
down	2.47712125471966	6.91963195800781	8.93829250335693	4.90097141265869	9.16295628608527	6.20249021765423	2.55173321579964	0.354983002471894
draw	2.47712125471966	7.29277515411377	9.51118183135986	5.07436847686768	9.68094465619647	3.72113582676426	4.96253930460344	2.84888557442294
drink	2.47712125471966	10.4377331733703	12.6686687469482	8.20679759979248	11.8357737476782	10.3843981096949	2.72435560602178	0.200130782406007
drop	2.46547640593641	11.6844227313995	16.3300018310547	7.03884363174438	16.0056481866668	10.077725575477	2.3516910604724	0.115009225766231
dry	2.47712125471966	11.3668684959411	13.7995271682739	8.9342098236084	2492.24082876762	11.1517417865411	-13.5339417126085	2.00296723990604
duck	2.47712125471966	8.49352979660032	10.8533430099487	6.13371658325195	4215.83077468582	8.08385661585725	-5.73714023519516	0.984225993022574
dump	2.47712125471966	11.8583364486694	14.584885597229	9.13178730010986	14.9236316269385	10.6722062465655	2.33070014784261	0.204378635085195
each	2.47712125471966	12.8553223609924	17.8291034698486	7.88154125213623	17.3874559420165	11.1695217061121	2.50658812152927	0.0449116506953953
ear	2.47712125471966	11.4823877811432	15.1790266036987	7.78574895858765	15.9107452755615	11.0151179684286	2.413355305619	0.293663192211969
eat	2.47712125471966	7.58070492744446	9.90138053894043	5.26002931594849	11.0074563848843	7.18801063116766	1.99820074758946	0.302161295275662
egg	2.47712125471966	8.19784188270567	10.5256433486938	5.87004041671753	11.0680063586136	7.51022208767124	2.29505911322164	0.405412566591726
every	2.47712125471966	14.3756923675537	18.8425636291504	9.90882110595703	76192.8996465916	12.7199192062419	-10.5020332804287	1.23655530621422
eye	2.47712125471966	10.2028388977051	15.0374317169189	5.36824607849121	15.4948804995451	8.97161984548726	2.21260185966829	0.249259452010567
face	2.47712125471966	8.86239695549011	13.0819911956787	4.64280271530151	32044.473420045	6.69612251569086	-5.95568006488126	0.887996487716504
fall	2.47712125471966	9.61445832252504	11.7712030410767	7.45771360397339	11.8728425278871	9.43837919494277	2.53708817113877	0.412267151226305
farm	2.47712125471966	9.19552969932555	11.6882925033569	6.70276689529419	14.243106611467	8.52564672998922	1.87401117341341	0.449839721922818
fast	2.47712125471966	10.2280666828156	15.3629007339478	5.09323263168335	14.7920530850079	7.85943376019058	2.82351337799898	0.286239773288593
find	2.36476730820916	8.07922840118408	11.2811861038208	4.87727069854736	11.4136984388005	7.36875419475338	2.21200869787692	0.0988002164782824
fine	2.47712125471966	9.71244597434996	12.0178880691528	7.40700387954712	11.9180572254236	9.48885342037615	2.26171426898227	0.163649543832702
finish	2.27688549115119	8.46174931526184	11.0784091949463	5.84508943557739	11.0279102444194	8.20179037148738	2.20528768969258	0.0312702965290937
first	2.47712125471966	9.98698234558108	11.8333654403687	8.14059925079346	11.0481524842338	9.93754810833776	2.86023083154313	0.2828884374238
fish	2.35854784102547	10.3808958530426	13.8636341094971	6.89815759658813	14.4206769355225	9.43337827966516	2.08069759000754	0.191607609061609
fit	2.47712125471966	10.8697683811188	16.7190341949463	5.02050256729126	18.4672321751174	9.8409684606096	2.26174964261916	0.347689062673833
fix	2.47712125471966	12.8221225738525	17.3153915405273	8.32885360717773	260.878117897272	11.3220667045163	-0.99513119421384	0.737219945208547
flower	2.10356196272393	10.0889706611633	13.8522891998291	6.32565212249756	71062.1342710169	8.78080010997152	-2.60227951425896	0.431628062582023
food	2.4680508590781	10.6567001342773	13.2072343826294	8.10616588592529	13.8427270149466	10.1016999989068	2.05551547664231	0.236063432351463
foot	2.34464413499212	8.49405050277712	13.210638999939	3.77746200561523	22.9718347850082	6.23198370915267	1.55241049231626	0.426772658897101
for	2.47712125471966	7.09689283370972	8.75523376464844	5.438551902771	10.7157594104776	6.64642893875829	1.74562260284506	0.557287758690312
fork	2.47712125471966	10.0033330917358	13.2557249069214	6.75094127655029	12.8378728466085	10.0497539275966	2.57767997155774	0.191931061520415
friend	2.47712125471966	9.91089200973509	13.9367580413818	5.88502597808838	13.1713507050423	8.76962721752801	2.62637089959481	0.132558360700288
frog	2.47712125471966	13.1169178485871	20.7117786407471	5.522057056427	18.1539531335119	10.319203415497	2.80022063500198	0.0714894808291446
full	2.47712125471966	10.661970615387	12.9708518981934	8.35308933258057	11.3037617914696	10.825841930553	2.9768938423181	0.0138507607180493
game	2.47712125471966	9.46192288398742	12.0602226257324	6.86362314224243	12.9068672090559	9.33173394294234	2.25987668751302	0.515956217105557
garage	2.47712125471966	9.31110501289367	13.6902618408203	4.93194818496704	9585.03587743017	8.57919939312747	-8.1173439834509	1.2510612526707
garbage	2.47712125471966	10.8264510631561	14.099081993103	7.55382013320923	11.9436635601921	10.6294701047567	2.90076542939091	0.01855523187328
garden	2.47712125471966	9.96805143356323	13.8687343597412	6.06736850738525	18686.1435828729	8.70956003712098	-6.88458489108344	1.02328930264458
gentle	2.47712125471966	9.17165064811706	12.7182683944702	5.62503290176392	11.5523317189472	8.89112512388212	2.70241609345385	0.0159949503934684
get	2.18619444603259	5.26028442382813	7.02316284179688	3.49740600585938	7.29639255301947	4.67662135742654	2.01162318435254	0.139716069041038
giraffe	2.47712125471966	9.74570894241334	13.2948045730591	6.19661331176758	22.2272459723742	8.4048786313292	0.715787761234654	1.17120289212894
girl	2.47712125471966	7.73770570755003	10.8940677642822	4.58134365081787	12.7629583801945	7.05913024155975	1.9992886357877	0.40920452187608
give	2.47712125471966	6.83178305625916	9.16807079315186	4.49549531936646	10.7609662427779	7.0316197757317	1.77827043929996	0.45894755153789
glasses	2.47712125471966	13.0327033996582	17.6216678619385	8.44373893737793	17.7363268331656	11.768176409207	2.55817056033126	0.407103132007755
gloves	2.47712125471966	11.2679030895233	16.9399967193604	5.59580945968628	16.3313720926079	9.24478219390266	2.76626571462811	0.191098512546169
go	2.47712125471966	4.49568939208985	5.95343589782715	3.03794288635254	7.65880816129949	3.8150228959464	1.78935674299471	0.555935352015135
gonna	2.47519061347641	6.56901216506958	8.9563627243042	4.18166160583496	9.38496865016893	5.53671423238533	2.21320366124807	0.26106938066079
good	2.47712125471966	6.69113206863403	8.62259006500244	4.75967407226562	8.40745724801221	5.82221039060203	2.62602767137946	0.221188964724494
gotta	2.27816025582285	12.470819234848	19.7369022369385	5.20473623275757	21.8867168944793	9.42824852522483	2.04072907912038	0.210172494594562
grapes	2.35384856900676	10.1583085060119	14.2022323608398	6.11438465118408	20371.1450801775	8.60583828000441	-3.32786252865815	0.599239990708696
grass	2.47712125471966	9.9135127067566	12.2233533859253	7.60367202758789	13.4115299922852	9.71737264597591	1.98894854705426	0.666221584284271
green	2.3182623449494	10.1704139709473	11.8159856796265	8.52484226226807	3288.64150965782	10.0027640570814	-0.865873740618235	0.32224804503139
hair	2.47712125471966	7.93937027454378	12.0699672698975	3.80877327919006	12.885957880477	6.5972710162836	2.72364279680995	0.643357351018658
hand	2.47712125471966	7.4270364046097	10.9949111938477	3.8591616153717	11.0220386149893	6.10736377250459	2.41912475768312	0.215968420787402
happy	2.47712125471966	8.77925157546995	11.6471786499023	5.9113245010376	11.330091012866	7.58734052666614	2.49543269524578	0.346938039476128
hard	2.40420149145718	9.08011364936831	12.5050668716431	5.65516042709351	15.1943059529521	6.97981270762847	1.93773651310821	0.436547490081422
hat	2.47712125471966	9.8120859861374	15.8557062149048	3.76846575737	17.5735942387931	7.26675592556669	2.45015824327171	0.455187494284897
have	2.47712125471966	4.48123931884765	5.89523696899414	3.06724166870117	8.29509775457634	4.05924967056304	1.56496459109831	0.670740344494451
he	2.47712125471966	7.60219597816467	9.05005741119385	6.1543345451355	8.36369305934534	7.39370020152349	3.11899017426373	0.291633591087097
head	2.47712125471966	8.04065084457396	11.177131652832	4.90417003631592	10.4481306455126	7.29468470738271	2.69824427643308	0.0862340121745721
hear	2.31714192912252	11.1992402076721	15.2979869842529	7.10049343109131	15.6640602353061	9.43661022318758	2.19796392495964	0.12822809938556
heavy	2.47712125471966	11.7371253967285	15.3463325500488	8.1279182434082	17.7734437443652	10.5570057730765	1.90465367981045	0.407645675825407
hello	2.47712125471966	9.96645879745483	12.334153175354	7.59876441955566	11.3342213126581	10.029245478661	3.45736978517777	0.147810142316499
help	2.47712125471966	8.16978120803834	10.4004249572754	5.93913745880127	7779.37568009524	8.07303183023336	-8.56815412174417	1.1817467773051
her	2.47712125471966	10.6065027713776	14.1143751144409	7.09863042831421	17.4675064422948	9.2416425048755	1.8373001644508	0.482516982595129
here	2.47712125471966	6.57489132881165	8.15449619293213	4.99528646469116	9.18506766982454	6.36969339970223	1.80650207116894	0.63717328338814
hi	2.47712125471966	10.7597455978394	15.4062833786011	6.11320781707764	17.1460943115513	8.49131560808621	2.20615264537925	0.55105599500287
hide	2.47712125471966	10.6617622375488	15.4959259033203	5.82759857177734	15.5544975788614	10.9660959316649	2.41858046472984	0.291784000102165
high	2.47712125471966	12.3751101493835	15.9601583480835	8.79006195068359	37504.8432508394	10.7217602804735	-8.52792060717721	1.10511046837068
him	2.47712125471966	8.68494343757631	11.3710279464722	5.99885892868042	11.2448835169643	8.16550041995931	2.43743621190237	0.179475204751526
his	2.12869076529094	11.9008986949921	17.6746654510498	6.12713193893433	34.5034652857148	8.31531476515139	1.49485101561611	0.344264433229289
hit	2.47712125471966	11.1290774345398	14.6360082626343	7.62214660644531	13.8768535608401	11.1198215457016	2.54249473426205	0.0437743263772434
home	2.47712125471966	9.62414598464967	13.6473140716553	5.60097789764404	21.2079318982013	7.81455873745653	1.60808068785877	0.625368456724054
horse	2.47712125471966	9.08254837989809	12.3050231933594	5.86007356643677	13.9861752728779	7.87716643850669	2.26439445577024	0.764163204951881
hot	2.47712125471966	8.68261599540712	10.8821306228638	6.48310136795044	10.6060946363332	8.17505895665472	2.63549853652378	0.0963237852988019
house	2.47712125471966	9.50773072242738	12.8994131088257	6.11604833602905	50.4395666584483	8.4358001918748	0.48498948965977	0.576375612140285
how	2.47712125471966	8.76485180854796	10.5987157821655	6.93098783493042	9.92655140645105	8.4057732645772	2.76330038826801	0.176139116981028
hug	2.47712125471966	9.31532621383666	13.5960292816162	5.03462314605713	12.9947633843507	8.1207378338032	2.5351554714413	0.208077560173969
hungry	2.47712125471966	9.45995283126831	12.8001308441162	6.11977481842041	12.3391523340248	8.75927471379348	2.51851633904289	0.154676547030747
hurt	2.47712125471966	10.8403468132019	13.7963876724243	7.88430595397949	12.9030342922696	10.879413327808	3.05836826043651	0.219215936110474
i	2.47712125471966	6.34018301963807	7.32626295089722	5.35410308837891	6.93367510869449	6.2858603306659	2.71840333710806	0.144370531235934
if	2.47712125471966	7.63782238960266	9.2494592666626	6.02618551254272	9.3552240134101	7.31152761933575	2.41469746575783	0.424734083089503
inside	2.4702763357664	9.88816809654234	13.0811958312988	6.69514036178589	22.0667913488124	8.80615021691476	1.30917676145559	0.479623854266201
into	2.47712125471966	9.50790262222288	12.2722253799438	6.74357986450195	15.3144154969775	8.8668507258192	1.7502357947743	0.635026454840849
is	2.47712125471966	4.42564535140991	6.49791812896729	2.35337257385254	6.5359339989406	3.40736733627278	2.32780234356325	0.372656194857721
it	2.44049727768672	4.08146274089813	5.66059875488281	2.50232672691345	5.8928872614822	3.31591105428389	2.2114859984281	0.265898868266881
jacket	2.4584711690545	9.11150932312014	14.0505170822144	4.17250156402588	14.103703592057	7.23185151177463	2.34976141314534	0.111293341652977
juice	2.390244353006	10.9766745567322	18.6374092102051	3.31593990325928	21575.0195868907	5.17569055273417	-6.34056344568691	1.0620445242758
keys	2.47712125471966	10.6573054790497	14.8159599304199	6.49865102767944	13.8736921351873	9.93410047380577	2.45201632792283	0.0521839889669529
kitchen	2.47712125471966	10.2499988079071	14.5730485916138	5.92694902420044	31072.6768159375	9.86702053012031	-6.06494437062793	0.841420997549422
kitty	2.47712125471966	6.68480372428894	9.10454750061035	4.26505994796753	10.3028834710138	5.45421707121714	2.08691934140691	0.375891442467326
knee	2.47712125471966	9.72932744026186	15.0562086105347	4.40244626998901	56147.7657199224	8.59155451877784	-6.4385578537711	0.853907194904527
knife	2.47712125471966	10.9524862766266	14.3436040878296	7.56136846542358	14.239809252491	10.6007025106048	2.44134305853002	0.152399143170882
lamb	2.26799255763226	12.0722131729126	15.751410484314	8.39301586151123	10303.9711816722	10.4554690557304	-2.55926591156836	0.551138816564342
last	2.47712125471966	11.2473449707031	13.0022611618042	9.49242877960205	6054.10624699872	11.3159772634299	-2.93970356947817	0.494786976823123
later	2.47712125471966	11.4457564353943	14.5783395767212	8.31317329406738	13.1331427762997	11.6196452569211	2.78489777513181	0.183641124828461
leg	2.46671967376021	10.5812721252442	16.1608581542969	5.00168609619141	15.4962362897229	8.32911211951692	2.44921835575148	0.0224262388161401
light	2.47712125471966	9.89993667602542	11.9147338867188	7.88513946533203	7686.14568325159	9.66688309198612	-4.62662456498956	0.751557953370645
like	2.47712125471966	7.32020807266236	8.67676830291748	5.96364784240723	7.91080581093803	7.0862914158488	2.97229410837685	0.371604681000424
lion	2.47712125471966	11.1572563648224	14.7007369995117	7.61377573013306	11289.2135978855	9.98363081571053	-5.61843794635484	0.926938639675407
listen	2.4223733303873	11.5633792877197	15.8754787445068	7.25127983093262	16.2154284476193	10.7209569830326	2.16311377811763	0.151721873491277
little	2.47712125471966	6.63956356048584	7.98993921279907	5.28918790817261	11.7152496179575	6.34818789061009	1.08804904012757	0.615571240374447
living	2.47712125471966	9.33914732933043	13.7924995422363	4.88579511642456	29455.6810830402	8.10901257486457	-5.58565233618582	0.827962214606593
long	2.47712125471966	9.65513873100281	11.9003372192383	7.40994024276733	2351.57565530374	8.43137331534536	-11.356097505864	1.92744537741771
loud	2.47712125471966	12.1616904735565	16.6716613769531	7.65171957015991	22316.81121904	11.0203425842717	-4.10393810087898	0.676639684491189
lunch	2.47712125471966	11.212926864624	13.5945615768433	8.83129215240479	12.397523561586	11.3731033282387	2.36883942806825	0.0270844602215594
make	2.47439829563361	8.01201605796813	10.4466905593872	5.57734155654907	10.4936452444792	7.17516284351472	2.28464836930185	0.174559437733061
man	2.47712125471966	12.9786162376404	16.2473926544189	9.70983982086182	18.4657017000816	11.8038152393255	2.01926108048694	0.367163358293721
me	2.47712125471966	5.12657022476196	7.52210664749146	2.73103380203247	8.37618182577125	3.89689380155497	2.1867894111405	0.343660714184632
medicine	2.47712125471966	12.245936870575	16.2734298706055	8.21844387054443	14.0016965899489	11.3829713306459	2.95597531427894	0.0497077213745504
milk	2.47712125471966	9.43140077590943	11.8980770111084	6.96472454071045	11.025885018295	8.74442547174876	2.72182484216935	0.0551269546410789
mommy	2.47712125471966	9.43495559692382	11.4291191101074	7.44079208374023	10.981425495034	9.36366776334609	2.46634568655489	0.216920977689683
money	2.45868012191013	12.731035232544	16.2375717163086	9.2244987487793	16.0444351285602	11.8209868336824	2.35397979743588	0.081022834006222
monkey	2.47712125471966	11.1633310317993	14.9135818481445	7.4130802154541	15.6858789325336	10.4901188651338	2.30942084154637	0.51069301887628
more	2.47712125471966	6.19073033332825	8.55600643157959	3.8254542350769	8.47356789713159	5.05618125538331	2.40487864191716	0.254970123537584
morning	2.47712125471966	12.2431645393371	16.1553497314453	8.330979347229	46138.5115556804	10.0300843370234	-7.32581246560631	0.99177733719321
mouse	2.47712125471966	10.0036947727204	13.0027704238892	7.00461912155151	12614.0866720407	9.35093242758188	-14.157778087894	1.75990345012095
mouth	2.47712125471966	5.26897585391998	9.49906921386719	1.03888249397278	10340.8252129986	2.27297584730641	-7.20206329316131	1.21885553854709
much	2.47712125471966	9.29631519317628	11.5724096298218	7.02022075653076	10.7221487738501	8.32600334171391	2.83269418628805	0.153747386632601
my	2.47712125471966	7.45531368255616	9.763258934021	5.14736843109131	11.8126235551331	6.53213746710908	1.84772755172597	0.410352330103809
nap	2.47712125471966	8.71778059005736	11.980655670166	5.45490550994873	10.8180435030051	8.96266397628722	2.81068918945418	0.255664463011698
need	2.47712125471966	6.31542158126831	8.06487846374512	4.5659646987915	5451.44269754113	6.08095349293567	-7.79335444216489	1.13494477364359
new	2.47712125471966	9.25135660171508	11.9553518295288	6.54736137390137	11.3389509458676	9.03190819532595	2.64522822924097	0.121080142188618
next	2.47712125471966	10.5151453018188	12.4467906951904	8.58349990844727	12.0081122913091	10.8695424110603	2.52615835121805	0.0330651022451533
nice	2.47712125471966	8.79691767692566	10.6962423324585	6.89759302139282	10.2706705629111	8.27221571388645	2.6400915406705	0.0981225390469187
night	2.47712125471966	8.94399356842043	12.6376752853394	5.25031185150146	12.3377375746664	8.13877333524626	2.88659300209114	0.221985487926282
nose	2.47712125471966	8.8506212234497	12.3737745285034	5.327467918396	12.1755223043086	7.91530833763635	2.92910887139924	0.371956499671617
not	2.47712125471966	6.97935271263123	8.3660135269165	5.59269189834595	8.4300448470924	6.62117901761251	2.4357946395057	0.385635587053645
now	2.47712125471966	6.80782222747803	8.07240581512451	5.54323863983154	7.78545964653217	6.84392341020366	2.70330017808888	0.47205050994571
of	2.47712125471966	4.19480645656586	6.18721580505371	2.202397108078	10.2484071512034	2.86183958505662	1.54481784510822	0.712491278447356
off	2.47712125471966	6.32766711711884	8.8369607925415	3.81837344169617	10.0075407452504	4.71808858087455	2.71117275870167	0.677316777939983
old	2.15665725935047	12.5025563240051	16.0158710479736	8.98924160003662	28778.8632791573	11.2064545129655	-2.55010778565867	0.470319024405387
on	2.47712125471966	4.91640412807465	6.35294532775879	3.4798629283905	10.367195585297	4.22006759342987	1.34867660818802	0.644299432082086
open	2.47712125471966	9.63817501068113	11.5142440795898	7.76210594177246	689.270838675738	8.36271523008324	-16.4354306210513	3.2541350014125
orange	2.47712125471966	10.5853254795074	14.5914974212646	6.57915353775024	14.0206504597226	8.62308582395321	2.72557702042058	0.315442276181398
other	2.47712125471966	7.70192432403564	9.93176174163818	5.47208690643311	13.7027851458335	6.74742901818084	1.63640208481686	0.54271914775884
our	2.38557942349948	8.83976435661315	11.6143112182617	6.0652174949646	13.1930046564422	7.96028024070573	1.94018951905597	0.278483523018879
out	2.47712125471966	6.21279549598693	8.36035060882568	4.06524038314819	8.84453254179113	5.36823013264046	2.54424996459764	0.467939101484664
outside	2.47712125471966	7.82798743247984	10.5449533462524	5.11102151870728	10.052237406153	7.24503025490713	2.58434788678256	0.184587660407228
over	2.47712125471966	7.41703295707703	9.55889225006104	5.27517366409302	11.2303013984316	6.57168315419593	1.95875556547712	0.573752863308282
owie	2.47712125471966	8.74907970428466	13.2563600540161	4.24179935455322	12.0749254913275	8.11261965932661	3.19511684290181	0.0262456678102667
paint	2.47712125471966	10.835542678833	14.9866237640381	6.68446159362793	12.0770082067978	10.0317753073697	3.60030732486154	0.0143070163057657
pants	2.44683968486789	8.59496760368346	12.0144519805908	5.17548322677612	14.8364144518058	7.21758083330629	1.87587109497561	0.377868653254962
paper	2.47712125471966	9.8536694049835	13.8398809432983	5.8674578666687	15.7237012550782	9.05864035104096	2.17648805202914	0.418187099303708
park	2.39082818654721	10.7601623535156	15.4915075302124	6.02881717681885	29488.8399402761	7.48853417269638	-20.2827154653146	2.48992518387993
people	2.47712125471966	10.9998254776001	14.3769426345825	7.62270832061768	6142.85455937515	9.23012677111658	-5.44048846376946	0.991235268404542
pick	2.47712125471966	8.65584087371827	11.1754903793335	6.13619136810303	10.5935564931077	8.38807423965903	2.45010051187516	0.136323463449635
picture	2.47712125471966	9.1596202850342	11.6058206558228	6.71341991424561	14.266658431527	9.20142611687461	1.60955218665667	0.52885473405971
pig	2.47712125471966	9.37859821319579	14.5688314437866	4.18836498260498	11.1702120275454	6.69975758052707	3.02303356301558	0.194567873880112
plate	2.47712125471966	9.75885653495788	12.0891761779785	7.42853689193726	11.5166730281709	9.80686649658707	2.61509197227821	0.158821136228033
play	2.28864790543004	7.522616147995	9.82046508789062	5.22476720809937	29307.0426222643	6.54637075294893	-3.51172028926252	0.562630838202458
playground	2.47712125471966	8.71649980545043	11.8477449417114	5.58525466918945	2237.32267944359	4.28945367939023	-29.7777894335911	5.38042609240361
please	2.32013958968359	12.4169769287109	16.8701419830322	7.96381187438965	12611.1527943038	10.5686982174107	-3.29567904101589	0.636202213001293
potty	2.47712125471966	7.69209265708924	9.78134155273438	5.60284376144409	9.8514784809659	7.45120236314925	2.58123248172407	0.281335117844863
pour	2.44729488911906	13.4659342765808	18.5777397155762	8.35412883758545	18.2041487538324	11.0962556180831	2.36922942758935	0.11266385343045
pretty	2.47712125471966	8.64344477653501	10.9382228851318	6.34866666793823	11.1375958022492	8.0314403313921	2.28466103803549	0.307553523234479
pull	2.47712125471966	10.1939387321472	13.006814956665	7.38106250762939	9578.67985031391	9.5977031841907	-9.8501670997237	1.36580870229778
put	2.47712125471966	4.65250205993653	5.81148862838745	3.4935154914856	5.76724267004037	4.41794834222053	2.25823549054864	0.20105776266149
puzzle	2.2459662231434	9.8259973526001	13.033673286438	6.61832141876221	20847.4571787892	8.24218786258693	-4.88182443340846	0.751505432601239
quack	2.47712125471966	8.69724214076998	14.402364730835	2.99211955070496	13.978620887378	7.4865583984621	3.13113320122857	0.335368920491931
quiet	2.47712125471966	9.52927875518798	13.304123878479	5.75443363189697	11.985954538589	9.5099610329797	2.87548821940754	0.073427018621925
read	2.38285060014988	6.3032695055008	9.20373630523682	3.40280270576477	9.01806837291618	5.20938838095783	2.26667517600763	0.127807739208417
red	2.03396801887094	11.2184653282165	14.3052825927734	8.13164806365967	36301.2431749192	9.6737514805821	-2.03313475876539	0.404105434347641
rock	2.47712125471966	12.0129985809326	15.2429666519165	8.78303050994873	8883.79830202174	11.5526169102784	-4.44963139823016	0.762641138103159
room	2.46518401965243	8.83135783672332	14.1867456436157	3.47597002983093	17.33955125602	5.37881683302033	2.09901305007264	0.405990903215149
run	2.47712125471966	12.548412322998	16.8778438568115	8.21898078918457	16.8038908506285	11.8013286518811	2.52829073285988	0.155348276976086
sad	2.47712125471966	9.98330235481263	13.6812906265259	6.28531408309937	13.8458005310384	8.60676320141675	2.26215630841251	0.273565564269091
salt	2.47712125471966	11.881932258606	14.4063234329224	9.35754108428955	13.9266398250724	12.0480480867333	2.75529274644597	0.0161298634075559
same	2.47712125471966	8.25705790519713	10.9377288818359	5.57638692855835	11.1693612384199	8.12086421625575	2.36827689837699	0.302133860579923
say	2.47712125471966	8.96078372001648	11.2570505142212	6.66451692581177	1811.67262038734	6.89816869898555	-21.8302171660427	3.72524582383004
scared	2.47712125471966	11.6172046661377	15.8824262619019	7.35198307037354	7112.26209391452	9.75475602417971	-3.96231543756018	0.790421883265002
see	2.47712125471966	6.25046110153198	7.87330532073975	4.62761688232422	38.1663912848688	6.01419702125185	0.601996219075295	0.391268849201377
she	2.47712125471966	9.85769772529602	12.4804754257202	7.23492002487183	20433.027181983	9.1495262493448	-7.7648310494205	1.03520950938246
sheep	2.47712125471966	9.61433768272401	12.1720247268677	7.05665063858032	15682.6531293824	9.16002430395257	-10.5568512561178	1.3580804099149
shirt	2.47712125471966	8.13741588592529	10.2839879989624	5.99084377288818	9.96214600481129	7.42220749758484	2.60130379503002	0.138447159397574
shoe	2.47712125471966	8.75565147399901	11.5568580627441	5.95444488525391	10.9682585414275	9.13402295411213	2.57347896546251	0.324746882052502
shorts	2.47712125471966	11.8769106864929	14.1457414627075	9.60807991027832	13.1780187781254	11.7881501113374	2.73210123409661	0.0831992650588411
show	2.47712125471966	7.89084553718565	10.7974529266357	4.9842381477356	13.4589880297555	7.82226328575584	1.81674985088823	0.454294745195152
sick	2.47712125471966	10.7588129043579	13.4529876708984	8.06463813781738	12.9972687698558	10.8652714805478	2.84385323149983	0.264230948544961
sing	2.47712125471966	11.4810361862183	15.3593492507935	7.60272312164307	16.3018273006309	11.1149611132031	2.13336711529746	0.333830931940636
sink	2.47712125471966	10.5532836914063	14.7184295654297	6.38813781738281	14.17948583565	10.305215387082	2.50580238491033	0.0442217963287928
sit	2.47712125471966	7.59610676765442	9.46126937866211	5.73094415664673	9.15618964630097	7.50314709177788	2.29264540444292	0.112973373362816
sky	2.47712125471966	7.86508762836459	11.7576065063477	3.97256875038147	5616.22343941915	6.83756745199186	-9.05738862700319	1.49721689813837
sleepy	2.47712125471966	9.56485629081727	13.7563695907593	5.37334299087524	13.4526593450848	8.45597877106519	3.1344022004762	0.542218970758523
slide	2.47712125471966	11.9249210357666	15.4056282043457	8.4442138671875	14.0675780608361	10.7283645847287	2.63585677448631	0.19485795248654
snack	2.47712125471966	9.2454913854599	14.7452564239502	3.7457263469696	13.6348924146013	9.15597899631721	2.85449005047745	0.325116066704662
so	2.47712125471966	8.44744277000428	9.8402271270752	7.05465841293335	24.0440740574836	7.93870608812022	0.548515908981151	0.569104780997965
sock	2.47712125471966	10.2917108535767	13.8364534378052	6.74696826934814	12.8501566779939	9.92792206022397	2.57951454379145	0.0253071692554175
soft	2.39363868515137	12.9594850540161	17.1688632965088	8.75010681152344	19.4578078918652	10.8538035514853	2.04072568829779	0.31317015417414
some	2.47712125471966	5.68286728858948	7.5565299987793	3.80920457839966	8.09565828551248	5.20399433538361	2.11154220367916	0.270778455463099
splash	2.47712125471966	9.65334451198578	15.8372344970703	3.46945452690125	13.5665058570637	6.0949006956392	3.23937026619859	0.289958995912798
spoon	2.37025632671771	9.81623244285586	13.6691465377808	5.96331834793091	13.0599786013803	8.81712864261496	2.31300580235208	0.0486152219723626
stairs	2.47712125471966	6.78188550472259	10.9370527267456	2.62671828269958	11.0154531376324	4.10330395278552	3.42598107834402	0.688178630596098
star	2.47712125471966	10.8884875774383	15.0271654129028	6.74980974197388	23.1277623039984	10.1239224244161	1.4707515674221	0.653858132989726
stay	2.34570223133467	12.9082837104798	17.5381298065186	8.27843761444092	17.7661752879233	10.6584002068888	2.24217278077654	0.134501680729587
stick	2.47712125471966	10.1219351291656	12.4433250427246	7.80054521560669	12.4992689954218	9.52794663803066	2.37819729213293	0.20676572724194
store	2.47712125471966	8.24856972694397	12.4212589263916	4.07588052749634	3160.95077856556	1.38839487214668	-25.5791595365037	4.72448868922208
strawberry	2.47712125471966	9.69302964210509	12.4846029281616	6.90145635604858	13.7739885293842	9.0968527248663	1.95009649671271	0.335655239983218
street	2.47712125471966	8.86171102523805	12.7328615188599	4.99056053161621	13.2003716907498	6.7559460359141	3.63672220322672	0.886816547262594
stroller	2.47712125471966	9.30313515663145	16.0660190582275	2.5402512550354	17.3562300929965	7.91577773137174	2.48017322998473	0.474816432381945
stuck	2.47712125471966	13.071451663971	17.5132102966309	8.62969303131104	15.9796366283121	11.4276366459221	2.66186234241864	0.0807477938883093
table	2.47712125471966	9.78061175346377	15.0727920532227	4.48843145370483	16.6532947437829	7.86753083138295	2.54377710377464	0.48747122289526
take	2.43232806409393	7.02299904823303	9.51895999908447	4.52703809738159	9.19083645282351	6.75966949913672	2.30794587006738	0.0590026225584257
talk	2.47712125471966	12.6756229400635	16.7058849334717	8.64536094665527	15.9693115689758	12.0426548737858	2.57204283691202	0.0135746282073362
taste	2.47712125471966	12.4992890357971	17.5791034698486	7.41947460174561	50578.5202787844	10.1276341297444	-12.6136866495156	1.57301693023416
thank	2.47712125471966	11.7435894012451	14.1472797393799	9.33989906311035	-358.08481389909	12.6453908833037	-245.333876807689	37.6630996807285
that	2.47712125471966	5.5307445526123	6.45239973068237	4.60908937454224	9326.139281543	5.45581986853248	-10.0124878158412	1.17382350907979
the	2.47712125471966	3.21583807468414	4.22459268569946	2.20708346366882	978.31288094443	2.78181995679733	-3.10519174815146	0.736528358902131
their	2.47712125471966	11.8684258460998	15.2163171768188	8.52053451538086	12.9035902620831	11.0814124960015	2.80542184806939	0.193393348232445
them	2.47712125471966	6.07621526718139	8.00677013397217	4.14566040039062	8.23310363742928	5.84085430540155	2.34934228834822	0.233646166273998
then	2.47712125471966	6.85214400291443	8.49272632598877	5.21156167984009	8.2328532495551	6.77227775772984	2.60251418061444	0.26102873349253
there	2.47712125471966	5.89774250984192	6.90704250335693	4.8884425163269	6520.1063612843	5.58460094719229	-17.645719129329	2.15887783263065
these	2.47712125471966	7.17164278030396	9.88823699951172	4.45504856109619	10.2571671966859	6.97430359894525	2.30168848527963	0.352941930227598
they	2.47712125471966	7.4409110546112	9.09867858886719	5.78314352035522	8.93256946591904	6.82140429066445	2.51690187903681	0.318789779338154
think	2.37795679441963	4.81022703647614	6.71373224258423	2.90672183036804	15945.8454124941	3.99135179912041	-6.3185157480031	0.880523887262619
this	2.42459557657162	5.88812255859375	7.17927074432373	4.59697437286377	6.91627005305044	5.57534814929766	2.36138613288264	0.0531157637805937
those	2.47712125471966	7.80056190490724	10.35560131073	5.24552249908447	10.9369601804563	7.13965438833407	2.1962885508169	0.404058409283589
tiger	2.47712125471966	10.8036131858826	12.8549509048462	8.75227546691895	11.597069018865	10.6437873119608	2.60946074404715	0.0770977001165882
time	2.47712125471966	8.26002597808837	10.1181421279907	6.40190982818604	10.4810049783226	6.98354185643269	2.96172966788228	0.770495861026306
tiny	2.47712125471966	12.8176193237305	17.3470325469971	8.28820610046387	17.6037337501846	10.9742195304012	2.47707306564197	0.328017446735107
tired	2.47712125471966	8.36102986335757	11.4427871704102	5.27927255630493	11.3286816854752	7.70160151211181	2.84550525528099	0.16094108371517
to	2.47712125471966	2.4371428489685	3.31365966796875	1.56062602996826	3.31463469139122	2.1062765471686	2.39703371081823	0.378820254538645
toast	2.47712125471966	9.21616077423096	12.98681640625	5.44550514221191	12.1247264907864	9.86694788899894	2.89382816345598	0.0568619902259231
today	2.47712125471966	9.57049226760863	11.8048286437988	7.33615589141846	33.6593728345143	8.40823955530929	-0.0957111462649781	0.889771812977838
tongue	2.47712125471966	12.2251944541931	17.6105308532715	6.83985805511475	24.9613213378153	10.2877980783522	1.68106614517478	0.66294314464424
too	2.47712125471966	7.91503882408142	9.2633056640625	6.56677198410034	1963.182346907	7.59864857287626	-3.25271974107913	0.688613622731418
toothbrush	2.47712125471966	10.693576335907	15.0335502624512	6.35360240936279	15.1791326714112	10.1989920460711	2.27958822538086	0.180108434472516
touch	2.47712125471966	10.1640331745148	13.1449594497681	7.18310689926147	11.7467966651209	9.78193760503102	2.71043539540394	0.0149195059286426
towel	2.47712125471966	11.4956014156342	15.3182182312012	7.67298460006714	15.021212298296	11.0910732307886	2.44214207448662	0.16185549030694
toy	2.47712125471966	9.08188819885255	11.8406038284302	6.3231725692749	12334.7249379772	9.20737274988825	-5.72897821590207	0.837673481274414
tractor	2.3861914912964	11.8345379829407	15.7146282196045	7.95444774627686	121.300895728933	10.3556545255637	0.135780369925821	0.522824965038328
train	2.47712125471966	7.48582029342651	10.3501214981079	4.62151908874512	11.7671019519422	6.52661894792823	1.8802202169781	0.429955124744387
tree	2.47712125471966	8.6043972969055	11.7413291931152	5.4674654006958	10569.3855187906	7.32673233753236	-16.4558205223649	2.23823134499614
truck	2.47712125471966	7.41144943237304	11.0235900878906	3.79930877685547	9.33476683202541	5.77654933261133	2.9522950527283	0.167074362741121
try	2.33629220351196	6.29905152320862	8.85004234313965	3.74806070327759	30.5535731247249	5.10978685091155	0.819228863116433	0.5031272207869
turn	2.06648485018709	7.69727015495302	10.1692981719971	5.22524213790894	9027.87076683446	6.75300093243495	-1.11563890751822	0.347220464792493
uh	2.47712125471966	12.6886863708496	14.4265842437744	10.9507884979248	-6600.91888047507	12.703456169813	-4.66265619156331	0.692525736550343
uncle	2.47712125471966	10.3649868965149	16.1088542938232	4.62111949920654	15.6313962680483	8.49880287753144	2.74189889671044	0.238375745985105
under	2.47712125471966	10.7188649177551	13.3359489440918	8.10178089141846	30.3843105432933	10.013742355671	0.59410380132986	0.705570692490815
up	2.47712125471966	6.4619152545929	8.68173694610596	4.24209356307983	8.37545569885616	5.53568606937386	2.5941715504797	0.301332153731052
us	2.21071256184372	11.1884434223175	16.1246490478516	6.25223779678345	19.8937161459308	8.5911205488742	1.87142848802827	0.280528118203253
vroom	2.47712125471966	11.6817376613617	18.2277870178223	5.13568830490112	32.2439735388182	8.70574502004624	1.07994339051935	0.937727417674949
wait	2.19812994993364	12.0986607074738	16.317684173584	7.87963724136353	26.3315209509452	10.3416277502677	1.50109495166174	0.333202380482128
walk	2.47712125471966	7.5566475391388	10.4388942718506	4.674400806427	13.9539311404595	6.22483386533568	1.81680501204671	0.839592354647446
wanna	2.47712125471966	7.05842399597168	9.04268646240234	5.07416152954102	6.73273674214117	7.10168151572379	3.36270555405586	0.124692414350257
was	2.47712125471966	7.20394396781921	9.79933738708496	4.60855054855347	10.3111983610892	6.130217818801	2.36903780244349	0.375144428899691
wash	2.47712125471966	9.01640748977661	11.808819770813	6.22399520874023	12.6402620108038	8.7103830415299	2.14416669909703	0.385618871014595
washing	2.47712125471966	12.752676486969	17.3784828186035	8.12687015533447	14.5821525641512	10.7412789506621	2.79629737785541	0.104183172827152
watch	2.47712125471966	10.7545785903931	12.8038749694824	8.70528221130371	11.9158747818775	10.5529454097496	2.82164207654966	0.298892624971214
water	2.47712125471966	7.8952736854553	10.0928335189819	5.69771385192871	10.094927154871	7.26130895629253	2.42417184164937	0.247096160126516
we	2.47712125471966	5.26478004455566	6.36777830123901	4.16178178787231	6.17108144591478	4.8805309764771	2.56330902233543	0.322778386075793
were	2.47712125471966	8.76999735832213	11.4632587432861	6.07673597335815	11.6125407444917	8.75887839507211	2.42908644711807	0.255599462315695
wet	2.47712125471966	8.2859580516815	11.5405473709106	5.03136873245239	10.7961310041217	8.41078661209578	2.64720950314028	0.123956513110848
what	2.47712125471966	6.73152565956116	8.24514102935791	5.2179102897644	7.30028474288883	6.43616568491347	3.03039120745286	0.20966934640145
when	2.47712125471966	9.3453314304352	11.0544586181641	7.6362042427063	10.576383934782	9.06576516320453	2.5388477086373	0.0276498759603676
where	2.47712125471966	8.38563632965088	10.4645824432373	6.30669021606445	2889.09612675838	7.49410041903562	-6.20329894657829	1.12420240472381
which	2.47712125471966	10.2385134696961	12.1730127334595	8.30401420593262	9.81710658992472	10.710071112291	1.93744362522042	0.0940487536930681
white	2.47712125471966	11.2829513549805	13.1106204986572	9.45528221130371	10.6269911694617	11.0300013603538	2.62900880310305	0.00962279044947723
who	2.47712125471966	10.0661759376526	12.0280838012695	8.10426807403564	12.1515533893146	9.77054309654685	2.41489363618746	0.631500172771741
why	2.47712125471966	8.61715245246887	10.5377025604248	6.69660234451294	2596.19788570589	8.51510991199737	-6.31383959200443	1.0810218240595
will	2.47712125471966	6.2971556186676	8.47198963165283	4.12232160568237	7.84255339577381	5.91013439994848	2.76008965411425	0.140514450891685
window	2.47712125471966	9.15318441390991	12.7301092147827	5.57625961303711	20978.0034347934	8.43694967231717	-4.68514809218792	0.728185509327462
with	2.19685295497862	6.33807873725891	9.21377944946289	3.46237802505493	10461.1475533729	4.59658016679315	-2.98167727284705	0.59522847465362
work	2.47712125471966	9.51737165451049	12.7761173248291	6.25862598419189	16.5885558529046	7.08455155697757	1.96746691477295	1.04897169447115
would	2.47712125471966	9.59808778762818	11.3631820678711	7.83299350738525	11.539538168219	9.59613930188505	2.48661291021358	0.31709139413501
write	2.47712125471966	12.1727526187897	17.3662357330322	6.97926950454712	17.7297163040149	10.8550933891865	2.17741261171588	0.247487630712712
yellow	2.47712125471966	9.91982555389406	11.7685871124268	8.07106399536133	11.295004616075	9.64005459914975	2.57311425648861	0.388994925665376
yes	2.47712125471966	11.7034430503845	13.8737535476685	9.53313255310059	-6893.67550996477	12.57353395943	-7.54283506291276	1.09979519419698
yesterday	2.47712125471966	13.0379958152771	17.3434448242188	8.73254680633545	9717.1587774189	10.2985987857676	-7.97443209214602	1.29304154018839
you	2.47712125471966	3.91440272331238	4.93115711212158	2.89764833450317	5.1356630010331	3.55911518031037	2.21097744218611	0.337174663493037
your	2.47712125471966	4.99759161472321	6.62431764602661	3.3708655834198	7.18200249607869	4.43530984101227	2.15836670666613	0.283616531760096
yourself	2.47712125471966	7.84061455726625	11.2062215805054	4.4750075340271	10.5300364052365	7.0098974519727	2.97927536085066	0.469445254892712
